.Random.seed <-
c(403L, 436L, -1175434196L, 138254651L, 1493891033L, 621961618L, 
39423353L, 1589207974L, -1869654918L, 338492341L, -1902686926L, 
-1137856395L, -1038256021L, -1284649396L, -822374541L, -2041226820L, 
-1480382144L, 2068347899L, -1837994656L, -287618009L, -1343532707L, 
-1656023466L, 1427374237L, -1523658518L, -2003521658L, -486522207L, 
-1721330610L, 1642943689L, -1670049081L, -1192196472L, -553987121L, 
1108359640L, -1922565004L, 977306671L, -853013516L, -1012605933L, 
646948881L, -1697084198L, -2018553871L, -120799650L, 1564954146L, 
-796753219L, -1175700902L, -1035577731L, -624050685L, -109201276L, 
1641518683L, 1309319268L, 450896968L, 925228659L, -597639880L, 
-400293937L, 1870518629L, 481993262L, -1547047227L, 1462850866L, 
-909719746L, -1677977127L, -1496105178L, 823323898L, 845281452L, 
-1799332282L, 2060130343L, -171687651L, -791717383L, 1483445743L, 
1261971446L, 1872100940L, 700818894L, -1017274960L, 140207493L, 
-1736389665L, -921003341L, 1390253665L, 1558197012L, -1405328714L, 
-1334931856L, -503448286L, 970694235L, 1462162617L, 544340509L, 
-1529381285L, -1794167086L, 1159419464L, -835507230L, 585578268L, 
515946825L, 194313803L, -1630300953L, 1636422349L, 1763169072L, 
919555250L, 1374792292L, 1697837310L, -1826740817L, -736862155L, 
-1578180511L, 249785879L, 582207486L, 72770804L, -568806698L, 
1261998888L, -1749337123L, -883064553L, 333057947L, 732215705L, 
-329359252L, 385383406L, 456510888L, -982848838L, -1431657533L, 
-524812559L, -1326319387L, 727157347L, 1624068954L, -150334384L, 
-1939676886L, -1666060204L, -1485159711L, -1134592893L, -945210577L, 
-716152827L, 851675304L, -228443318L, 430540476L, 17901302L, 
1036125239L, 218542669L, 628130441L, -209088961L, 1969865958L, 
-511486084L, 614424190L, 535539040L, -1244425835L, -81918257L, 
1696091011L, 60680657L, -1311090236L, 1409977286L, 458488384L, 
-699589102L, -863218197L, -625832343L, -1081675699L, -1843130293L, 
70485346L, -729480712L, -212486894L, 1701931116L, 497743577L, 
-211529125L, 1009821559L, 979617181L, -971479616L, 695501506L, 
1752357364L, -490824146L, -901426241L, -454209307L, -311134735L, 
2014292519L, 1582874990L, -1582589468L, -1623679162L, 1022213784L, 
479534253L, 1206587463L, -1897046357L, 962158729L, 1890713628L, 
-552720450L, -997353160L, -1262084246L, 82033683L, -318316959L, 
31263125L, 931908179L, -787351382L, -522897792L, 403181338L, 
396062180L, -1492664271L, 1579256403L, 77029823L, 224949781L, 
1629613240L, -975045798L, 1508730636L, 995992422L, -100837369L, 
-466342723L, 1355216089L, 1567555215L, -598488682L, -1483000916L, 
-306467154L, 1422745488L, -723577179L, 105896703L, -35196461L, 
-75554559L, 931966772L, 1618411030L, -744997872L, 377632834L, 
2128582267L, -1494840295L, -1471118019L, 1551805435L, -699526350L, 
-1643817304L, -142877694L, 575506044L, 1386677289L, -305331221L, 
605922567L, -90929363L, -1853366512L, 1553442834L, 1350174724L, 
-404574178L, -1400942769L, -1075042027L, 1944736833L, 2014975351L, 
527556062L, -2086699436L, -248899146L, -1063126648L, 1391346749L, 
308793783L, 354439355L, 497496377L, 2134363660L, -1611436914L, 
736186056L, -199870822L, -673525149L, -1363406127L, -1378604795L, 
-953105853L, -1234784006L, -1536545552L, 2115285642L, -1602678476L, 
-640310207L, -797759069L, -1150060145L, 987933285L, -172636664L, 
-72844246L, -1988980964L, -1030509930L, 1836106775L, -1118373139L, 
-1492263063L, -1206191521L, 1854370310L, -1690843812L, 799955678L, 
-1968100544L, -1311413579L, 407634031L, -494838365L, -1237041039L, 
-45964956L, 1667483174L, -645270944L, -415226446L, -67913077L, 
-159640119L, -2137081363L, 1600874859L, 240227010L, 38754008L, 
1679973170L, -1355984436L, -1763569607L, 26974843L, 2138806551L, 
-2089370755L, 1535875488L, -843944414L, -1214517996L, -1871854642L, 
710458916L, 1154180326L, -974089209L, 1907997383L, -858827645L, 
-1510781007L, 1735676030L, 2014776562L, 540529866L, 151160576L, 
-636480839L, 1824960581L, -522032555L, -1752032729L, 1889379452L, 
1686222588L, -192780416L, -1943474326L, -2035312533L, 801606891L, 
297125919L, 259983853L, -691288950L, -425481210L, 544511246L, 
-1660009156L, 1596934181L, 1050247345L, 350030185L, -346184501L, 
1334929104L, 1864043272L, 432734380L, 1892780782L, 1330471327L, 
-1570359585L, -2064909301L, -1598350583L, 1244992198L, 1879632874L, 
1844113778L, -1931098616L, 720814769L, -1732743491L, -187898099L, 
443441407L, 567436228L, -982803676L, 377580696L, 712863874L, 
-393995277L, -625371309L, -465897961L, -1602877035L, 6171138L, 
1952130382L, -213119098L, -288721804L, -1294422611L, -1735714311L, 
-252363951L, -810951181L, -1088177240L, 526143712L, -1406947596L, 
946730550L, 1660887639L, 1366834359L, 1508560019L, 797622817L, 
-1039277394L, 2052114882L, -1423855750L, 790961488L, 1991350665L, 
-1596335467L, -2120297371L, 2059066871L, 1588302252L, -1604166996L, 
1814052432L, 263365178L, -2081676581L, -1864635557L, -149782417L, 
-913514947L, -1610507910L, 1192904502L, -846786594L, -278767956L, 
2096022773L, 1073338337L, -886279175L, 797628059L, 1913355296L, 
-875066920L, 977622300L, 1708654814L, -569321969L, -72002321L, 
-1812500037L, -2112094183L, 421754006L, 239437338L, -738513022L, 
-307793992L, 1777541217L, 525405933L, 680117437L, -1396425745L, 
1059007764L, 1843070644L, -356712056L, -1795542030L, -1308139709L, 
1707356899L, -1295879161L, 247568069L, 928625298L, -455144226L, 
-1819511818L, 1541913988L, 1361200605L, -1922713335L, 1973679937L, 
1756837283L, 1272562328L, 1706442448L, -2127294524L, 326241990L, 
1528733863L, -992612889L, -58959965L, 1353409553L, 870949534L, 
-259038446L, -1798641686L, -1229006560L, 1353176537L, -523912091L, 
350518005L, -1174400441L, -122125796L, 117106652L, 848061088L, 
-1125065270L, 1179319627L, 602244491L, -1466541825L, -291817139L, 
1064193514L, -1694512474L, -1565738066L, -1243191908L, 1391104389L, 
1701410129L, -1006137655L, 328645163L, -367731536L, -630302488L, 
35944780L, 833401486L, -1558499713L, -441466497L, -439428181L, 
797367209L, 1143602662L, 745522826L, -1715210862L, 149479370L, 
1645504991L, 344651382L, 821583181L, -2079418970L, -569577343L, 
1855123944L, -526055491L, -1974656418L, 2119341503L, -2135764342L, 
-2142599231L, 1056734174L, 496217601L, -1565067588L, -578635651L, 
-488966766L, 1829796231L, -206844938L, -539374883L, 220986214L, 
-1277912399L, -1580807432L, -937701643L, 1790593542L, 1091028047L, 
1853608458L, -161299247L, 209183654L, 503174121L, 1964147452L, 
-356687843L, -1884948086L, 840109423L, -489788634L, 1599582077L, 
513673494L, 1786954897L, -170788888L, 34755645L, 1184241630L, 
2109159151L, -674510886L, -1357694591L, 1533496622L, -2028550719L, 
2062941740L, 1696306909L, -1784830830L, 934315703L, -982744490L, 
703362877L, -1074962714L, 1529930129L, 1869542760L, -1104086283L, 
560806886L, 2003318031L, 251072369L, 1171467074L, 61373792L, 
-1730133911L, -295552655L, -1321678280L, -731618350L, -1490455435L, 
2058544561L, 2088498570L, 1433194356L, -360078579L, -1471273439L, 
-1584982332L, -711722854L, -1458954423L, -1353429031L, -953813718L, 
1820216448L, -1003377063L, 1365998601L, 1436616176L, 68382498L, 
1978654821L, 1167984137L, -1671461166L, -2073444132L, -730584651L, 
1014738889L, -789163324L, -780711046L, -1921629471L, 513843649L, 
805214114L, -962355776L, 1894578521L, -962592543L, -640395400L, 
-1576639838L, -975279275L, 1024200529L, -1589430326L, -644056844L, 
1209071597L, -588551119L, 1136895316L, -1558111254L, 827775017L, 
124592057L, 2015434394L, 1390482176L, 1597143401L, -1011805943L, 
-697925216L, -1889337454L, -1574593019L, -852833703L, -828671710L, 
262291084L, 1455406725L, -1763945655L, -1424309932L, 1250843594L, 
-413455535L, -308762255L, 1854575906L, -1238469184L, -516714711L, 
232638289L, 1334478072L, 1694401522L, -1078323787L, -517288175L, 
1476066186L, -1113584204L, 1568501453L, -198881375L, 29834916L, 
-1558459814L, 2044783017L, 2001259737L, 1810062666L, 2134553504L, 
155010361L, -68842423L, -677122352L, 21791810L, -1052918491L, 
